255     0
254     0
253     0
252     0
251     0
250     0
249     0
248     0
247     0
246     0
245     0
244     0
243     0
242     0
241     0
240     0
239     0
238     0
237     253
236     396
235     396
234     382
233     418
232     380
231     508
230     524
229     578
228     689
227     670
226     659
225     675
224     938
223     814
222     833
221     833
220     957
219     1024
218     1026
217     1001
216     1025
215     1159
214     1196
213     1176
212     1355
211     1397
210     1370
209     1392
208     1428
207     1664
206     1774
205     1833
204     1814
203     1899
202     1836
201     1863
200     1849
199     1991
198     2063
197     2127
196     2161
195     2055
194     2233
193     2425
192     2359
191     2498
190     2681
189     2585
188     2643
187     2721
186     2724
185     2862
184     3036
183     3124
182     3024
181     3013
180     3065
179     3029
178     3355
177     3384
176     3411
175     3486
174     3478
173     3472
172     3494
171     3588
170     3790
169     3673
168     3794
167     4025
166     4092
165     3910
164     3889
163     4211
162     4318
161     4386
160     4531
159     4573
158     4564
157     4514
156     4510
155     4631
154     4750
153     4832
152     4970
151     4966
150     4966
149     4953
148     5066
147     5134
146     5158
145     5279
144     5167
143     5249
142     5352
141     5349
140     5553
139     5628
138     5589
137     5526
136     5517
135     5631
134     5703
133     5781
132     5869
131     5872
130     5947
129     6005
128     5995
127     5991
126     5987
125     6110
124     6129
123     6179
122     6137
121     6140
120     6235
119     6408
118     6476
117     6434
116     6451
115     6429
114     6463
113     6502
112     6540
111     6611
110     6638
109     6705
108     6696
107     6692
106     6701
105     6846
104     6957
103     6962
102     6962
101     6957
100     6956
99      6947
98      6986
97      7123
96      7077
95      7077
94      7102
93      7169
92      7207
91      7212
90      7276
89      7379
88      7379
87      7352
86      7385
85      7380
84      7396
83      7458
82      7526
81      7498
80      7504
79      7486
78      7656
77      7776
76      7740
75      7770
74      7813
73      7782
72      7770
71      7770
70      7845
69      7971
68      7991
67      7984
66      7985
65      7952
64      7940
63      7985
62      8082
61      8011
60      8028
59      8110
58      8190
57      8130
56      8184
55      7954
54      7892
53      8030
52      8155
51      8022
50      8258
49      8103
48      8267
47      8238
46      8232
45      8344
44      8231
43      8345
42      8149
41      8356
40      8589
39      8314
38      8363
37      8450
36      8298
35      8309
34      8421
33      8598
32      8689
31      8592
30      8570
29      8643
28      8592
27      8579
26      8820
25      8842
24      8860
23      9009
22      8812
21      9017
20      9191
19      9141
18      9105
17      9054
16      9473
15      9345
14      9390
13      9266
12      9199
11      9244
10      9395
9       9541
8       9446
7       9532
6       9331
5       9376
4       9523
3       9667
2       9625
1       10017
0       10047